
model : 15/20200724193642
78909
(-0.496145776122083,Rates(0.432212196481979,1.0,0.99998732717434,1.2672825659937396E-5,0.43221939195782483))
(-0.4497580535539855,Rates(0.432212196481979,1.0,0.99998732717434,1.2672825659937396E-5,0.43221939195782483))
(-0.4033703309858881,Rates(0.432212196481979,1.0,0.99998732717434,1.2672825659937396E-5,0.43221939195782483))
(-0.3569826084177906,Rates(0.43221767397062366,1.0,0.9999746543486802,2.5345651319874792E-5,0.43223206478348475))
(-0.3105948858496932,Rates(0.4322286293644256,1.0,0.9999493086973602,5.0691302639749585E-5,0.43225741043480465))
(-0.2642071632815957,Rates(0.432256020278834,1.0,0.9998859445690605,1.1405543093943657E-4,0.43232077456310436))
(-0.21781944071349824,Rates(0.4322779355100385,1.0,0.9998352532664209,1.6474673357918615E-4,0.4323714658657441))
(-0.1714317181454008,Rates(0.4324115282691113,0.9523809523809523,0.9994677413222827,5.322586777173707E-4,0.4326882865072425))
(-0.12504399557730334,Rates(0.4339140061333299,0.984472049689441,0.9959193501375001,0.004080649862499842,0.4361606407380654))
(-0.07865627300920586,Rates(0.44693791946308725,0.9965661961083556,0.9667845239453041,0.033215476054695915,0.46519408432498194))
(-0.032268550441108435,Rates(0.4566251021255508,0.9971738106453132,0.9461911822479058,0.05380881775209419,0.4857113890684206))
(0.014119172126988988,Rates(0.6751110934772259,0.9974035998736887,0.6388117958661242,0.36118820413387576,0.7915193450683699))
(0.06050689469508652,Rates(0.7804815870587962,0.9880313199105145,0.5468197544006387,0.45318024559936126,0.8745390259666198))
(0.10689461726318394,Rates(0.8095448954489545,0.9687132439426017,0.5151503630764551,0.4848496369235448,0.8867176114258196))
(0.15328233983128137,Rates(0.8270252574853315,0.9677789683147099,0.5032505797817739,0.49674942021822605,0.8969445817333891))
(0.1996700623993789,Rates(0.8575051513710572,0.9599317988064792,0.4797171425312702,0.5202828574687298,0.9107959801797006))
(0.24605778496747632,Rates(0.8646027601641179,0.9600483383685801,0.47566183832009024,0.5243381616799098,0.9146485191803216))
(0.29244550753557375,Rates(0.8734454011206779,0.949201398733579,0.46363532676880964,0.5363646732311903,0.9140782420256245))
(0.3388332301036713,Rates(0.8754110940583205,0.9490111029914429,0.4624060626797957,0.5375939373202043,0.91497801264748))
(0.3852209526717687,Rates(0.8864002220371913,0.9494391193824483,0.4566019085275444,0.5433980914724557,0.9206554385431319))
(0.4316086752398661,Rates(0.8869323705040967,0.9493986574678351,0.45628508788604594,0.5437149121139541,0.9208962222306708))
(0.47799639780796366,Rates(0.8863884151966677,0.9444109601743242,0.4533196466816206,0.5466803533183794,0.9181082005854846))
(0.524384120376061,Rates(0.8908104156121703,0.9440330357348836,0.4506710261186937,0.5493289738813063,0.920047142911455))
(0.5707718429441585,Rates(0.8910896660383197,0.943896139833049,0.45043024243115487,0.5495697575688451,0.9201105070397546))
(0.617159565512256,Rates(0.8996051248544076,0.9442207376224032,0.4460961360554563,0.5539038639445437,0.9243178851588538))
(0.6635472880803533,Rates(0.907178075908726,0.9441453719477569,0.44207885032125616,0.5579211496787438,0.9278029122153366))
(0.7099350106484509,Rates(0.9087611205481818,0.9424800796812749,0.4401652536466056,0.5598347463533944,0.9276381654817575))
(0.7563227332165484,Rates(0.9218024792902885,0.9392649385962957,0.43140833111558885,0.5685916688844111,0.9317314881699172))
(0.8027104557846457,Rates(0.9244783139344507,0.9327169211757437,0.425718232394277,0.574281767605723,0.9292095958635898))
(0.8490981783527433,Rates(0.9541736411584499,0.9176014900732337,0.40125967887059777,0.5987403211294022,0.9322764196732946))
(0.8954859009208408,Rates(0.9531642677633082,0.8984669567018853,0.3882827053948219,0.6117172946051781,0.9197049766186367))
(0.9418736234889381,Rates(0.9504705121758494,0.850353457222864,0.352836812023977,0.647163187976023,0.8856784397217048))
(0.9882613460570356,Rates(0.9411067554015863,0.7637569991750188,0.2780164493277066,0.7219835506722934,0.8130631486902634))
(1.034649068625133,Rates(0.9898580121703854,0.5748495309472171,0.012495406100698273,0.9875045938993017,0.5800352304553347))
(1.0810367911932306,Rates(0.9856,0.5722114352869041,0.007920516037460872,0.9920794839625391,0.5754856860434171))
(1.1274245137613281,Rates(0.9806949806949807,0.5695994914176732,0.0032822618459237857,0.9967177381540762,0.5709488144571595))
(1.1738122363294257,Rates(0.972972972972973,0.5680469621665484,4.688945494176837E-4,0.9995311054505823,0.5682368297659329))
(1.2201999588975228,Rates(1.0,0.568030833206552,4.182032467779341E-4,0.9995817967532221,0.5682114841146131))
(1.2665876814656203,Rates(1.0,0.5679228302341205,2.2811086187887313E-4,0.9997718891381211,0.568021391729714))
(1.3129754040337178,Rates(NaN,0.5677932808678351,0.0,1.0,0.5677932808678351))
center threshold for positive : 0.6635472880803533 - Rates(0.907178075908726,0.9441453719477569,0.44207885032125616,0.5579211496787438,0.9278029122153366)
(0.6135472880803533,Rates(0.8996079768194989,0.9442423410437687,0.4461088088811162,0.5538911911188837,0.9243305579845138))
(0.6185472880803533,Rates(0.8996051248544076,0.9442207376224032,0.4460961360554563,0.5539038639445437,0.9243178851588538))
(0.6235472880803533,Rates(0.8997584884216508,0.9442283936496317,0.44602009910149665,0.5539799008985034,0.9243939221128135))
(0.6285472880803533,Rates(0.8999374786859157,0.9442373230255484,0.4459313893218771,0.5540686106781229,0.9244826318924331))
(0.6335472880803533,Rates(0.9045129962867752,0.9444634274129251,0.44367562635440827,0.5563243736455917,0.926738394859902))
(0.6385472880803533,Rates(0.9068961567100063,0.9445795730944966,0.442509726393694,0.557490273606306,0.9279042948206162))
(0.6435472880803533,Rates(0.9070207098049325,0.9445429337697168,0.44242101661407446,0.5575789833859256,0.9279423132975959))
(0.6485472880803533,Rates(0.9070986593331042,0.9445467148473898,0.44238299813709464,0.5576170018629054,0.9279803317745757))
(0.6535472880803533,Rates(0.9071219847590672,0.9445265095561666,0.44235765248577474,0.5576423475142253,0.9279803317745757))
(0.6585472880803533,Rates(0.9071919770773639,0.9444659047013111,0.4422816155318151,0.5577183844681849,0.9279803317745757))
(0.6635472880803533,Rates(0.907178075908726,0.9441453719477569,0.44207885032125616,0.5579211496787438,0.9278029122153366))
(0.6685472880803534,Rates(0.9071987615033973,0.9441037521577178,0.44204083184427634,0.5579591681557237,0.9277902393896768))
(0.6735472880803534,Rates(0.9071827956989247,0.9439751101421628,0.4419647948903167,0.5580352051096833,0.9277142024357171))
(0.6785472880803534,Rates(0.907187517925773,0.9438049179211225,0.44185073945937725,0.5581492605406227,0.9276254926560975))
(0.6835472880803534,Rates(0.9072230034149281,0.9434660251463847,0.4416099557718384,0.5583900442281615,0.9274607459225184))
(0.6885472880803534,Rates(0.9072878096386234,0.9433628318584071,0.44150857316655895,0.5584914268334411,0.9274354002711984))
(0.6935472880803534,Rates(0.9073345772929525,0.9433225938194854,0.4414578818639192,0.5585421181360808,0.9274354002711984))
(0.6985472880803534,Rates(0.9073329119016148,0.9426848346067518,0.4410396786171413,0.5589603213828588,0.9270932339783802))
(0.7035472880803534,Rates(0.9075229252306897,0.9425456688273424,0.4408495862322422,0.5591504137677578,0.9271059068040401))
(0.7085472880803534,Rates(0.9087402118839245,0.9425214497543748,0.4402032721235854,0.5597967278764147,0.9276508383074175))
----------
threshold for positive: (0.6335472880803533,Rates(0.9045129962867752,0.9444634274129251,0.44367562635440827,0.5563243736455917,0.926738394859902))
results for positive: 
+-----+-------+-----+
|label|predict|count|
+-----+-------+-----+
|    1|    0.0| 2438|
|    0|    0.0|41461|
|    1|    1.0|31667|
|    0|    1.0| 3343|
+-----+-------+-----+
threshold for negative: (0.004119172126988988,Rates(0.63577964519141,0.9976734098347727,0.6786298140896476,0.32137018591035243,0.7520815116146448))
results for negative:
+-----+-------+-----+
|label|predict|count|
+-----+-------+-----+
|    1|    0.0|   59|
|    0|    0.0|25300|
|    1|    1.0|34046|
|    0|    1.0|19504|
+-----+-------+-----+
