calculé le 20200517 pour linear result 15/20200513084851

threshold for positive: 0.31886961827175364
truePositiveOnPositive : 0.9003326438195337
positiveRate: 0.8187768927950196
trueRate: 0.9031973816717019

results for positive:
+-----+-------+-----+
|label|predict|count|
+-----+-------+-----+
|    1|    0.0| 1328|
|    0|    0.0|14508|
|    1|    1.0|64417|
|    0|    1.0| 7131|
+-----+-------+-----+

threshold,                truePositiveOnPositive, trueNegativeOnNegative,positiveRate,        negativeRate, trueRate

-0.5872355993339519       0.7524032959487297      1.0                   0.9999542250297537    4.57E-5  0.7524146296804907))
-0.5336411747689104       0.7524291289469769      1.0                   0.999919893802069     8.01E-5  0.7524489609081754))
-0.4800467502038689       0.7524291289469769      1.0                   0.999919893802069     8.01E-5  0.7524489609081754))
-0.42645232563882735      0.7525410924408223      1.0                   0.9997711251487686    2.28E-4  0.7525977295614757))
-0.37285790107378586      0.7540688405381536      1.0                   0.9977455827153713    0.002254417284628765  0.7546232719948732))
-0.31926347650874437      0.7547007369653558      1.0                   0.9969101895083768    0.0030898104916231807 0.7554586652018677))
-0.2656690519437028       0.7591363085272212      1.0                   0.991085324544539     0.008914675455460954  0.7612835301657054))
-0.21207462737866134      0.7623315785812017      1.0                   0.9869312459946901    0.013068754005309897  0.7654376087155543))
-0.15848020281361985      0.767282531308722       0.9970674486803519    0.9804884189325277    0.01951158106747230.771765998352101))
-0.10488577824857837      0.7731297997201021      0.9978750531236719    0.9730728737526321    0.026927126247367938  0.7791815435319968))
-0.05129135368353688      0.7888458168812933      0.9960600837232209    0.9535269614574751    0.04647303854252490.7984756934907993))
0.0023030708815046097     0.8076251598308252      0.9907407407407407    0.9307882449876408    0.06921175501235920.8202989105557081))
0.05589749544654621       0.828614027772513       0.9798568134935081    0.9056921175501236    0.09430788244987640.8428774146296805))
0.1094919200115877        0.8459346381523556      0.9569871354217814    0.8834683694955598    0.11653163050444010.8588757667307516))
0.16308634457662918       0.8659452120437665      0.9437102300538424    0.8597226036803076    0.14027739631969230.876853886294974))
0.21668076914167067       0.8771984330676753      0.9396435524936348    0.8471802618328298    0.15281973816717020.8867412798681681))
0.27027519370671216       0.8918680226861881      0.9253201045786686    0.8292936922091001    0.17070630779089990.8975785040739723))
0.32386961827175365       0.9012150396147709      0.9144613069108241    0.8175180811132473    0.18248191888675270.9036322438890415))
0.37746404283679513       0.9147                  0.9012885411872986    0.8010619793097135    0.19893802069028650.912031950929232))
0.4310584674018366        0.9236410636227653      0.8842645074224021    0.7880046690469651    0.21199533095303480.9152934175592786))
0.4846528919668781        0.931349743831341       0.8723535457348407    0.7773047697518997    0.22269523024810030.9182115719124783))
0.5382473165319196        0.939724549282899       0.8528343902793242    0.7636066099057036    0.23639339009429640.9191842900302115))
0.5918417410969611        0.9450589411800357      0.842279996259235     0.755264121578321     0.24473587842167902   0.9199052458115903))
0.6454361656620026        0.9498217249646523      0.8233554400430184    0.7446214409960633    0.25537855900393660.9175249473587842))
0.6990305902270443        0.954752893166986       0.8081618566929814    0.7347226036803076    0.26527739631969240.915865604687357))
0.7526250147920858        0.9646127432277757      0.7930147058823529    0.7198571820928317    0.28014281790716840.9165407854984894))
0.8062194393571273        0.9752371869707483      0.7578198516957128    0.6959740913668406    0.30402590863315930.9091366840611553))
0.8598138639221687        0.9796640141467727      0.7154906901861963    0.6730293875308981    0.32697061246910190.8932871006133846))
0.9134082884872102        0.985145739910314       0.6862622128333773    0.653300375354756     0.34669962464524390.8815229332600933))
0.9670027130522517        0.9881157646884328      0.6277992047119323    0.6172411425432573    0.38275885745674260.8502014098690835))
1.020597137617293         0.9873362918064725      0.2754110947597415    0.1057287375263206    0.89427126247367940.3506820470566694))
1.0741915621823348        0.9859504132231405      0.25428416741208043   0.0276938569989929    0.9723061430010.2745468277945619))
1.127785986747376         0.9888507718696398      0.2508292931870375    0.0133434038267875    0.9866565961732124    0.26067701180994235))
1.1813804113124178        0.9853862212943633      0.24891548242333583   0.0054815526869907    0.99451844731300920.25295248558088435))
1.234974835877459         1.0                     0.2482248351018067    0.0023917421953675    0.9976082578046325    0.25002288748512314))
1.2885692604425008        1.0                     0.2478978118913965    0.00107571187873295   0.9989242881992126    0.24870685709054288))
1.342163685007542         1.0                     0.2477048467226814    2.97E-4               0.9997024626933992    0.2479286825963563))
1.3957581095725837        1.0                     0.2476623213120758    1.25E-4               0.9998741188318228    0.2477570264579328))
1.449352534137625         1.0                     0.24763964706286262   3.43E-5               0.99996566877231530.24766547651744025))
1.5029469587026667        NaN                     0.24763114528975555   0.0                   1.0   0.24763114528975555))


