threshold                     truePositiveOnPositive         trueNegativeOnNegative   positiveRate             negativeRate                 trueRate
----------------------------------------------------------------------------------------------------------------------------------------------------------------
-0.1325912514143133           0.5328737219885796             1.0                      0.9999506702677371       4.932973226287814E-5         0.5328967652028068
-0.10091612828137916          0.5328737219885796             1.0                      0.9999506702677371       4.932973226287814E-5         0.5328967652028068
-0.06924100514844504          0.5328737219885796             1.0                      0.9999506702677371       4.932973226287814E-5         0.5328967652028068
-0.03756588201551092          0.532893438579181              1.0                      0.99991367296854         8.632703146003675E-5         0.532933762502004
-0.005890758882576785         0.540085866993779              0.9506688963210702       0.9852504100533994       0.014749589946600564         0.5461417983153897
0.02578436425035735           0.8640127583880267             0.9705078003604948       0.6031669688112767       0.3968330311887232           0.9062735087005316
0.05745948738329146           0.8848749004651942             0.9706578750187322       0.5885283707622677       0.41147162923773234          0.9201721607655975
0.08913461051622559           0.8956187482744706             0.9695588235294118       0.5806972757655358       0.41930272423446424          0.9266220232589688
0.12080973364915973           0.9071260293513735             0.9644744399770246       0.5705846806516458       0.42941531934835425          0.9317523154143081
0.15248485678209386           0.9130718811924308             0.9637128881810944       0.5663423236770383       0.43365767632296176          0.9350327426097895
0.184159979915028             0.9250115825004964             0.9642337807606264       0.5589921935698694       0.4410078064301306           0.942308878118564
0.21583510304796213           0.9250728091077575             0.9642367810306741       0.5589551962706722       0.44104480372932775          0.9423458754177612
0.24751022618089621           0.9251544571932921             0.9642407806078228       0.5589058665384093       0.44109413346159065          0.9423952051500241
0.2791853493138303            0.9251544571932921             0.9642407806078228       0.5589058665384093       0.44109413346159065          0.9423952051500241
0.3108604724467645            0.9251751807069122             0.9622573086364651       0.5579069394600861       0.44209306053991393          0.9415689321346208
0.3425355955796986            0.9253351621609663             0.9615438205378292       0.5574506394366544       0.44254936056334554          0.9413592807725036
0.3742107187126328            0.9253202929657248             0.9613027246893632       0.557339647539063        0.44266035246093705          0.9412482888749122
0.40588584184556686           0.9253202929657248             0.9613027246893632       0.557339647539063        0.44266035246093705          0.9412482888749122
0.43756096497850105           0.92531698789582               0.9612491642522843       0.5573149826729316       0.44268501732706844          0.9412236240087807
0.46923608811143513           0.9253381145273037             0.9609301030353662       0.5571423286100115       0.44285767138998855          0.9411002996781235
0.5009112112443693            0.9254765647485996             0.9608574610244989       0.5570190042793542       0.44298099572064575          0.9411496294103864
0.5325863343773034            0.9264180660618027             0.9598700288824705       0.5559337501695709       0.444066249830429            0.9412729537410436
0.5642614575102376            0.92645101171459               0.9597389976398722       0.5558474231381109       0.4441525768618891           0.9412359564418464
0.5959365806431717            0.92645101171459               0.9597389976398722       0.5558474231381109       0.4441525768618891           0.9412359564418464
0.6276117037761058            0.9264493798673205             0.959712350066637        0.5558350907050452       0.4441649092949548           0.9412236240087807
0.65928682690904              0.9267069164520998             0.9595670875537672       0.5556007744767966       0.4443992255232035           0.9413099510402407
0.690961950041974             0.9302973563372119             0.9593650793650793       0.5532576121943098       0.4467423878056902           0.9432831403307559
0.7226370731749082            0.9302896964552947             0.9571263354995043       0.5521353607853293       0.4478646392146707           0.942308878118564
0.7543121963078423            0.9302896964552947             0.9571263354995043       0.5521353607853293       0.4478646392146707           0.942308878118564
0.7859873194407765            0.9302896964552947             0.9571263354995043       0.5521353607853293       0.4478646392146707           0.942308878118564
0.8176624425737106            0.930278795460638              0.9569418825537538       0.5520490337538693       0.4479509662461307           0.942222551087104
0.8493375657066448            0.9299816036254319             0.9519623147919919       0.5497058714713826       0.4502941285286174           0.9398793888046173
0.8810126888395788            0.9294434145679794             0.9431796597291944       0.5455128442290379       0.45448715577096205          0.9356863615622726
0.912687811972513             0.929442370772537              0.9424922726533268       0.545155203670132        0.4548447963298679           0.9353780507356296
0.944362935105447             0.9333090793333182             0.9417645790665086       0.5423680737972795       0.45763192620272053          0.9371785859632247
0.9760380582383812            0.9368810375453196             0.8823705926481621       0.5068260017018758       0.49317399829812425          0.9099979034863789
1.0077131813713154            0.9444444444444444             0.4676099114782029       0.0011099189759147582    0.9988900810240853           0.4681391591747136
1.0393883045042496            1.0                            0.4672101829125399       1.2332433065719535E-4    0.9998766756693428           0.46727588886011323
1.0710634276371835            1.0                            0.4672101829125399       1.2332433065719535E-4    0.9998766756693428           0.46727588886011323a

center threshold for positive : 0.12080973364915973 - Rates(0.9071260293513735,0.9644744399770246,0.5705846806516458,0.42941531934835425,0.9317523154143081)

(0.07080973364915973,Rates(0.8884957988502117,0.9697916666666667,0.5856302489918236,0.4143697510081764,0.9221823473553097))
(0.07580973364915973,Rates(0.8904251277071812,0.9696259603120458,0.5842366840553973,0.4157633159446027,0.9233539284965531))
(0.08080973364915972,Rates(0.8925291005291005,0.9694121819310223,0.5827074623552481,0.41729253764475194,0.9246118366692565))
(0.08580973364915973,Rates(0.893001588141874,0.9694347646329219,0.5823991515286051,0.41760084847139495,0.9249201474958995))
(0.09080973364915973,Rates(0.8959820952786955,0.9657029146669788,0.578576097278232,0.421423902721768,0.9253641150862654))
(0.09580973364915973,Rates(0.8987598888176181,0.965847830521316,0.5767878944837027,0.4232121055162973,0.9271523178807947))
(0.10080973364915972,Rates(0.9010580988560514,0.9645155679248565,0.5746050538310703,0.42539494616892964,0.9280525854945922))
(0.10580973364915973,Rates(0.9039844927848374,0.9643650633349684,0.572594867241358,0.42740513275864195,0.9297914585568586))
(0.11080973364915973,Rates(0.9045689655172414,0.9643958831839018,0.5722248942493865,0.42777510575061356,0.9301614315488302))
(0.11580973364915972,Rates(0.905447093085967,0.9644420131291028,0.5716699347614291,0.4283300652385709,0.9307163910367876))
(0.12080973364915973,Rates(0.9071260293513735,0.9644744399770246,0.5705846806516458,0.42941531934835425,0.9317523154143081))
(0.12580973364915973,Rates(0.908500551983895,0.9645457151046145,0.5697214103370454,0.4302785896629546,0.9326155857289085))
(0.13080973364915974,Rates(0.9092741498515355,0.9641181183472588,0.5690061292192337,0.43099387078076634,0.9329115641224858))
(0.13580973364915971,Rates(0.9108953894933438,0.9639554794520548,0.5678715453771874,0.4321284546228125,0.933824164169349))
(0.14080973364915972,Rates(0.9118638172054699,0.9639783414078085,0.5672549237239015,0.43274507627609854,0.9344161209565035))
(0.14580973364915972,Rates(0.9124834084035076,0.9637916310845431,0.5667616264012727,0.4332383735987273,0.9347120993500808))
(0.15080973364915973,Rates(0.9128551213671492,0.9637289485662267,0.5664903128738269,0.4335096871261731,0.9349094182791323))
(0.15580973364915973,Rates(0.9140272479564032,0.9637623537430422,0.5657503668898837,0.4342496331101163,0.935624699396944))
(0.16080973364915974,Rates(0.9154803493449781,0.9637826961770624,0.5648254344099547,0.43517456559004525,0.9365003021446101))
(0.16580973364915974,Rates(0.9185689874249661,0.963940069411134,0.562926239717834,0.43707376028216605,0.938399496836731))
----------
threshold for positive: (0.10080973364915972,Rates(0.9010580988560514,0.9645155679248565,0.5746050538310703,0.42539494616892964,0.9280525854945922))
results for positive: 
+-----+-------+-----+
|label|predict|count|
+-----+-------+-----+
|    1|    0.0| 1224|
|    0|    0.0|33270|
|    1|    1.0|41983|
|    0|    1.0| 4610|
+-----+-------+-----+

(0.007459487383291455,Rates(0.8126365413360929,0.9722539353053105,0.6435310222353768,0.35646897776462316,0.8695351905977531))
(0.01245948738329146,Rates(0.8318811570312806,0.9729164592253311,0.6284361241629361,0.3715638758370639,0.8842847805443536))
(0.017459487383291457,Rates(0.8548690464152088,0.9703558561405726,0.6097771529345024,0.39022284706549754,0.8999346381047517))
(0.022459487383291454,Rates(0.8625186213088994,0.970670739309313,0.6043262175194544,0.3956737824805456,0.9053115789214055))
(0.02745948738329146,Rates(0.8648792468276709,0.9705526421944333,0.6025626795910565,0.3974373204089435,0.9068777979207517))
(0.032459487383291456,Rates(0.869380028395646,0.9705737503078059,0.5993439145609037,0.40065608543909625,0.9099239088879845))
(0.037459487383291454,Rates(0.8737022790255201,0.9706717991018239,0.5963224684598024,0.4036775315401976,0.91284669552456))
(0.04245948738329146,Rates(0.8762653501493528,0.9706803734906779,0.5945219332322074,0.40547806676779263,0.9145485712876293))
(0.047459487383291456,Rates(0.8793903937040661,0.9706861084220716,0.5923390925795751,0.407660907420425,0.9166080876096045))
(0.05245948738329146,Rates(0.8826885698162894,0.9707280385078219,0.5900699248954826,0.40993007510451734,0.9187785958291711))
(0.05745948738329146,Rates(0.8848749004651942,0.9706578750187322,0.5885283707622677,0.41147162923773234,0.9201721607655975))
(0.062459487383291455,Rates(0.886311635424757,0.9705812006696962,0.5875047788178129,0.412495221182187,0.921072428379395))
(0.06745948738329145,Rates(0.886907387569055,0.9706093189964158,0.5871101409597099,0.4128898590402901,0.921467066237498))
(0.07245948738329146,Rates(0.8889755151923806,0.9697285081328615,0.5852726084329177,0.41472739156708227,0.9224659933158212))
(0.07745948738329146,Rates(0.8914224128822299,0.9696736362020968,0.5835830651029141,0.41641693489708587,0.9240075474490362))
(0.08245948738329145,Rates(0.8926424519515705,0.9694176048222676,0.5826334677568538,0.41736653224314624,0.9246858312676508))
(0.08745948738329146,Rates(0.8944410273812806,0.9695032117390535,0.5814618866156104,0.4185381133843896,0.9258574124088942))
(0.09245948738329146,Rates(0.8961158011426622,0.9657099388513415,0.578489770246772,0.421510229753228,0.9254504421177254))
(0.09745948738329147,Rates(0.8988718343929956,0.9645662419270379,0.5760849457989566,0.4239150542010433,0.9267206827234945))
(0.10245948738329146,Rates(0.9017506175491354,0.964496698714236,0.574136421374573,0.425863578625427,0.9284718882188266))
----------
threshold for negative: (0.01245948738329146,Rates(0.8318811570312806,0.9729164592253311,0.6284361241629361,0.3715638758370639,0.8842847805443536))
results for negative: 
+-----+-------+-----+
|label|predict|count|
+-----+-------+-----+
|    1|    0.0|  816|
|    0|    0.0|29313|
|    1|    1.0|42391|
|    0|    1.0| 8567|
+-----+-------+-----+
