threshold                  truePositiveOnPositive     trueNegativeOnNegative      positiveRate                negativeRate            trueRate

-0.10861241205113138       0.583619000979432          1.0         0.9999755148013026      2.4485198697387428E-5        0.5836291961509268))
-0.0777240484490551        0.584510496370414          0.9846153846153847          0.9984084620846698      0.0015915379153301828        0.5851472784701648))
-0.04683568484697883       0.5932030374704345         0.9866863905325444          0.9834480056805661          0.016551994319433903    0.5997159716951103))
-0.015947321244902557      0.6135953840605842         0.9930658741951461          0.9505643838299748          0.04943561617002522     0.6323547415587277))
0.014941042357173723       0.765901174042059          0.9909525261766798          0.7591391004137998      0.24086089958620013          0.8201072451702945))
0.04582940595924999        0.8188886585113            0.9884062841300513      0.7085526799049975      0.29144732009500257        0.868294116206753))
0.07671776956132627        0.8381585023622606         0.9810874704491725          0.6892828285301535          0.31071717146984645     0.8825689870473299))
0.10760613316340255        0.8543876216765945         0.9765572169208806          0.6741264905364707          0.3258735094635293      0.8941994564285889))
0.13849449676547881        0.8659694763682052         0.970899854862119           0.6625939619500012          0.3374060380499988      0.9013736196469234))
0.16938286036755512        0.8702102281198748         0.9651038321558553          0.65688891065351        0.34311108934649004     0.9027692759726745))
0.20027122396963137        0.8709243194735268         0.9614811662055757          0.6548321539629294          0.34516784603707057     0.9021816312039372))
0.23115958757170768        0.8715524034672971         0.9570885005636979          0.6525060600866776          0.3474939399133224      0.9012756788521339))
0.26204795117378393        0.8728005726988433         0.9531468531468531          0.6498616586273598          0.3501383413726402      0.9009328860703705))
0.29293631477586024        0.8740085765246101         0.9445134575569358          0.6452094708748561          0.35479052912514386     0.8990230405719742))
0.3238246783779365         0.874291367043336          0.9412007143838439          0.6435444773634338      0.3564555226365662       0.8981415734188682))
0.3547130419800128         0.8752443371277452         0.932271186440678           0.6388433192135354          0.36115668078646457         0.8958399647413139))
0.38560140558208905        0.8807364446693394         0.9202640264026403          0.6290492397345805          0.37095076026541957     0.895399231164761))
0.41648976918416536        0.8841849910008608         0.9190603939017209          0.625792708307828           0.3742072916921721      0.897235621067065))
0.4473781327862416         0.8855987118564191         0.9164390687995838          0.6234666144315761          0.37653338556842386     0.8972111358683675))
0.47826649638831786        0.8880726698262243         0.9130854970684879          0.6199652310178497          0.3800347689821503      0.8975784138488284))
0.5091548599903941         0.9004819277108433         0.9113606423687347          0.609681447564947           0.39031855243505303         0.9047280918684655))
0.5400432235924705         0.9137831840223556         0.9031320046041074          0.5958228251022257          0.40417717489777427     0.9094782204157587))
0.5709315871945467         0.9321098562628337         0.8828514171199542          0.5723660047501286          0.42763399524987145     0.9110452731323915))
0.601819950796623          0.9463033990212935         0.869479017512942           0.5553977620528391          0.4446022379471609      0.9121471070737739))
0.6327083143986992         0.9622884473877852         0.8475676807875583          0.5324061604759922          0.46759383952400774     0.9086457236600475))
0.6635966780007755         0.9670799286183902         0.8341433468051364          0.521387821062168           0.4786121789378321      0.9034548615362014))
0.6944850416028518         0.9700912145943351         0.8186997151566638          0.5100266888665802          0.48997331113341985     0.8959134203374061))
0.7253734052049281         0.9736341926994493         0.8102056884164944          0.5024117920716926          0.4975882079283073      0.8923140961288901))
0.7562617688070044         0.976909679024633          0.7973585269449532          0.4920300678240004      0.5079699321759996       0.8857030924805955))
0.7871501324090806         0.9806268384217466         0.7870094210102732          0.4827991479150853          0.5172008520849146      0.880487745158052))
0.818038496011157          0.981407218374043          0.769362292051756           0.47014030018853603         0.529859699811464    0.869053157366372))
0.8489268596132332         0.9825472455698914         0.752639653460879           0.4573590264684998          0.5426409735315002      0.8577899659655738))
0.8798152232153095         0.9894777223653203         0.7441798707621492          0.44678142063122844         0.5532185793687716      0.8537743933792022))
0.9107035868173858         0.9898556379243074         0.7346724890829694          0.43928894982982786         0.5607110501701721      0.8467716265517494))
0.9415919504194621         0.9902691013935608         0.6962344479808209          0.4076295879141059          0.592370412085894   0.816091672583923))
0.9724803140215383         0.9956702747710241         0.5880475876660539          0.29406723635562304         0.705932763644377       0.7079160647388654))
1.0033686776236146         0.9994715984147953         0.4588730569948187          0.09267647706961142         0.9073235229303885      0.5089738253225925))
1.0342570412256908         1.0            0.4168954696999412      0.001199774736171984        0.9988002252638281     0.4175950637839426))
1.065145404827767          1.0            0.41675243836690684         8.5698195440856E-4      0.9991430180455915     0.4172522710021792))
1.0960337684298433         NaN            0.4163952890477706      0.0     1.0    0.4163952890477706))

center threshold for positive : 0.5091548599903941 - Rates0.9004819277108433           0.9113606423687347          0.609681447564947       0.39031855243505303       0.9047280918684655)

0.4591548599903941     0.8868028496083756         0.9155112090190488          0.6220954433045224          0.37790455669547757     0.8976518694449206))
0.46415485999039413    0.8868682097307511         0.9154628489991579          0.6220219877084302          0.37797801229156974     0.897676354643618))
0.46915485999039414    0.8872900733265            0.9141841680129241          0.6210915501579295          0.37890844984207045        0.8974804730540389))
0.4741548599903941     0.8880420187978832         0.9131387331657967          0.6200142014152444          0.3799857985847555      0.8975784138488284))
0.4791548599903941     0.8881251481393695         0.9128614671217878          0.6198183198256654          0.3801816801743346      0.8975294434514336))
0.4841548599903941     0.8890251622092104         0.9123674911660777          0.6188878822751647          0.38111211772483533     0.8979212066305918))
0.4891548599903941     0.8905005350136725         0.9125448487954895          0.617835018731177           0.382164981268823       0.8989250997771847))
0.4941548599903941     0.8905983583805861         0.911983100755345           0.6174922259494136          0.38250777405058645         0.8987781885850004))
0.4991548599903941     0.898882256319859          0.9119647355163728          0.6111750446854877          0.3888249553145124       0.9039690507088465))
0.5041548599903941     0.8991263225392754         0.9118887280508527          0.6109546778972111          0.38904532210278886     0.9040914767023335))
0.5091548599903941     0.9004819277108433         0.9113606423687347          0.609681447564947           0.39031855243505303         0.9047280918684655))
0.5141548599903941     0.9011457286432161         0.9111236377301766          0.6090693175975123          0.3909306824024877      0.9050463994515315))
0.5191548599903941     0.9016538569876463         0.9106941838649155          0.608481672828775           0.391518327171225       0.9051933106437159))
0.5241548599903941     0.9100386886581144         0.9085717794424659          0.6012340540143484          0.3987659459856517      0.9094537352170613))
0.5291548599903941     0.9108176408249776         0.9086895198381063          0.6007198648417031          0.3992801351582968      0.9099679243897064))
0.5341548599903941     0.910880956279679          0.9034911350758545          0.5981244337797801          0.40187556622021986          0.9079111676991258))
0.5391548599903941     0.9137867269365112         0.9031867199806131          0.5958473103009231          0.4041526896990769      0.909502705614456))
0.5441548599903941     0.9141553262344283         0.9031359728780725          0.5955534879165545          0.40444651208344556     0.9096985872040352))
0.5491548599903942     0.9164247200331812         0.896001434462973           0.5903381405940109          0.4096618594059891      0.9080580788913102))
0.5541548599903942     0.916812245237501          0.8932674563962141          0.5886731470825886          0.41132685291741145          0.9071276413408095))
----------
threshold for positive: 0.5091548599903941
                       0.9004819277108433         0.9113606423687347          0.609681447564947           0.39031855243505303         0.9047280918684655))
results for positive:
+-----+-------+-----+
|label|predict|count|
+-----+-------+-----+
|    1|    0.0| 1413|
|    0|    0.0|14528|
|    1|    1.0|22422|
|    0|    1.0| 2478|
+-----+-------+-----+

0.026717769561326266       0.7982435478986507         0.989929868728646           0.727675620087657       0.272324379912343       0.8504444063563575))
0.03171776956132627        0.8120653626117639         0.9888412017167382          0.7147474351754365          0.28525256482456357     0.8624911241154722))
0.03671776956132627        0.8127357520060352         0.9885264149327854          0.7140373644132122          0.2859626355867878      0.8630053132881174))
0.041717769561326265       0.8128965872063111         0.9884477152147869          0.7138659680223305          0.2861340319776695      0.8631277392816042))
0.04671776956132627        0.8189169575284239         0.9884072580645161          0.7085281947063         0.2914718052937     0.8683186014054504))
0.05171776956132627        0.8225554514214308         0.988530585106383           0.7053940892730345          0.29460591072696557         0.871452706838716))
0.056717769561326264       0.8231595038738144         0.9882235860009951          0.7047574741069024          0.29524252589309763     0.871893440415269))
0.06171776956132627        0.8263053259391022         0.9881676253081347          0.702015131852795           0.29798486814720504         0.8745378418745868))
0.06671776956132627        0.8343430785487848         0.9881134045458196          0.6951347910188291          0.30486520898117087     0.8812223011189736))
0.07171776956132626        0.8350141043723555         0.9876612450925406          0.6944002350579075          0.3055997649420925      0.8816630346955265))
0.07671776956132627        0.8381585023622606         0.9810874704491725          0.6892828285301535          0.31071717146984645     0.8825689870473299))
0.08171776956132627        0.8405988237390839         0.9802909432191459          0.6869322494552044          0.3130677505447957      0.8843319213535418))
0.08671776956132626        0.8427774200472204         0.9785830682082719          0.6844592443867682          0.3155407556132318      0.8856296368845034))
0.09171776956132627        0.8455159043584405         0.9781319781319782          0.6820107245170295          0.31798927548297057     0.8876863935750838))
0.09671776956132627        0.8488933746665706         0.9782426139399955          0.6792683822629221          0.3207316177370779      0.8903797654317965))
0.10171776956132628        0.8524447663889895         0.9774015569495881          0.6760363360348669          0.3239636639651331      0.8929262260963248))
0.10671776956132627        0.8543876216765945         0.9765572169208806          0.6741264905364707          0.3258735094635293      0.8941994564285889))
0.11171776956132627        0.8556408484010624         0.9763366781488693          0.6730246565950883          0.32697534340491174     0.8951054087803922))
0.11671776956132626        0.8585408602935807         0.9759940542549238          0.6705516515266522          0.32944834847334786     0.897235621067065))
0.12171776956132627        0.8612017450599406         0.9746387496313772          0.667882764868637           0.3321172351313631      0.8988761293797899))
----------
threshold for negative: 0.06671776956132627        0.8343430785487848         0.9881134045458196          0.6951347910188291          0.30486520898117087     0.8812223011189736))
results for negative:
+-----+-------+-----+
|label|predict|count|
+-----+-------+-----+
|    1|    0.0|  148|
|    0|    0.0|12303|
|    1|    1.0|23687|
|    0|    1.0| 4703|
+-----+-------+-----+
