calculé le 20200517

(0.0        0.9787368852611766  0.9782344394033745   0.6140826695962648    0.3859173304037352 0.9785429826970612
(0.0256     0.9787368852611766  0.9782344394033745   0.6140826695962648    0.3859173304037352 0.9785429826970612
(0.0512     0.9787368852611766  0.9782344394033745   0.6140826695962648    0.3859173304037352 0.9785429826970612
(0.0769     0.9787368852611766  0.9782344394033745   0.6140826695962648    0.3859173304037352 0.9785429826970612
(0.1025     0.9787368852611766  0.9782344394033745   0.6140826695962648    0.3859173304037352 0.9785429826970612
(0.1282     0.9787368852611766  0.9782344394033745   0.6140826695962648    0.3859173304037352 0.9785429826970612
(0.1538     0.9787368852611766  0.9782344394033745   0.6140826695962648    0.3859173304037352 0.9785429826970612
(0.1794     0.9787368852611766  0.9782344394033745   0.6140826695962648    0.3859173304037352 0.9785429826970612
(0.2051     0.9787368852611766  0.9782344394033745   0.6140826695962648    0.3859173304037352 0.9785429826970612
(0.2307     0.9787368852611766  0.9782344394033745   0.6140826695962648    0.3859173304037352 0.9785429826970612
(0.2564     0.9787368852611766  0.9782344394033745   0.6140826695962648    0.3859173304037352 0.9785429826970612
(0.2820     0.9787368852611766  0.9782344394033745   0.6140826695962648    0.3859173304037352 0.9785429826970612
(0.3076     0.9787368852611766  0.9782344394033745   0.6140826695962648    0.3859173304037352 0.9785429826970612
(0.3333     0.9787368852611766  0.9782344394033745   0.6140826695962648    0.3859173304037352 0.9785429826970612
(0.3589     0.9787368852611766  0.9782344394033745   0.6140826695962648    0.3859173304037352 0.9785429826970612
(0.3846     0.9787368852611766  0.9782344394033745   0.6140826695962648    0.3859173304037352 0.9785429826970612
(0.4102     0.9787368852611766  0.9782344394033745   0.6140826695962648    0.3859173304037352 0.9785429826970612
(0.4358     0.9787368852611766  0.9782344394033745   0.6140826695962648    0.3859173304037352 0.9785429826970612
(0.4615     0.9787368852611766  0.9782344394033745   0.6140826695962648    0.3859173304037352 0.9785429826970612
(0.4871     0.9787368852611766  0.9782344394033745   0.6140826695962648    0.3859173304037352 0.9785429826970612
(0.5128     0.9787368852611766  0.9782344394033745   0.6140826695962648    0.3859173304037352 0.9785429826970612
(0.5384     0.9787368852611766  0.9782344394033745   0.6140826695962648    0.3859173304037352 0.9785429826970612
(0.5641     0.9787368852611766  0.9782344394033745   0.6140826695962648    0.3859173304037352 0.9785429826970612
(0.5897     0.9787368852611766  0.9782344394033745   0.6140826695962648    0.3859173304037352 0.9785429826970612
(0.6153     0.9787368852611766  0.9782344394033745   0.6140826695962648    0.3859173304037352 0.9785429826970612
(0.6410     0.9787368852611766  0.9782344394033745   0.6140826695962648    0.3859173304037352 0.9785429826970612
(0.6666     0.9787368852611766  0.9782344394033745   0.6140826695962648    0.3859173304037352 0.9785429826970612
(0.6923     0.9787368852611766  0.9782344394033745   0.6140826695962648    0.3859173304037352 0.9785429826970612
(0.7179     0.9787368852611766  0.9782344394033745   0.6140826695962648    0.3859173304037352 0.9785429826970612
(0.7435     0.9787368852611766  0.9782344394033745   0.6140826695962648    0.3859173304037352 0.9785429826970612
(0.7692     0.9787368852611766  0.9782344394033745   0.6140826695962648    0.3859173304037352 0.9785429826970612
(0.7948     0.9787368852611766  0.9782344394033745   0.6140826695962648    0.3859173304037352 0.9785429826970612
(0.8205     0.9787368852611766  0.9782344394033745   0.6140826695962648    0.3859173304037352 0.9785429826970612
(0.8461     0.9787368852611766  0.9782344394033745   0.6140826695962648    0.3859173304037352 0.9785429826970612
(0.8717     0.9787368852611766  0.9782344394033745   0.6140826695962648    0.3859173304037352 0.9785429826970612
(0.8974     0.9787368852611766  0.9782344394033745   0.6140826695962648    0.3859173304037352 0.9785429826970612
(0.9230     0.9787368852611766  0.9782344394033745   0.6140826695962648    0.3859173304037352 0.9785429826970612
(0.9487     0.9787368852611766  0.9782344394033745   0.6140826695962648    0.3859173304037352 0.9785429826970612
(0.9743     0.9787368852611766  0.9782344394033745   0.6140826695962648    0.3859173304037352 0.9785429826970612
(1.0        NaN                 0.3905749336262931   0.0                   1.0                0.3905749336262931


threshold for positive: 0.0 -> 0.9743
threshold for negative: 0.0 -> 0.9743
Rates   (0.9787368852611766,0.9782344394033745,0.6140826695962648,0.3859173304037352,0.9785429826970612)
results
+-----+-------+-----+
|label|predict|count|
+-----+-------+-----+
|    1|    0.0|  734|
|    0|    0.0|32989|
|    1|    1.0|52520|
|    0|    1.0| 1141|
+-----+-------+-----+

